6.527664576948065678e-01
1.036963082953508364e+00
1.352004080465497360e+00
1.566876995858944799e+00
1.696969955308253120e+00
1.760377388265705223e+00
1.773258556970993327e+00
1.749496847683865708e+00
1.699671834723314623e+00
1.632046010233001221e+00
1.552796278119354056e+00
1.466559103064552394e+00
1.376800509527863703e+00
1.286066918359497713e+00
1.196475641493087716e+00
1.109420015642423207e+00
1.025935023134099344e+00
9.464135349826926502e-01
8.707193129584336333e-01
7.982218209299908329e-01
7.277243578354420928e-01
6.578445973840241212e-01
5.865599820562693578e-01
5.116853071170391898e-01
4.308720498097627916e-01
3.422048296740157203e-01
2.443683111895336713e-01
1.438350900102786101e-01
6.484003933031768918e-01
1.036348395573491343e+00
1.371990297087835708e+00
1.604923798212631203e+00
1.747122438024810931e+00
1.816086664794218430e+00
1.829741035631044399e+00
1.802955148816204334e+00
1.747918079296261862e+00
1.673756477812994747e+00
1.587339253876458356e+00
1.493830035819446955e+00
1.397014469751500343e+00
1.299588289406861552e+00
1.203829599473947631e+00
1.111290773749904037e+00
1.023044776550417589e+00
9.394358545765548740e-01
8.601799539988139731e-01
7.844784998225549089e-01
7.113366560247094128e-01
6.391015168934769397e-01
5.657853031398423216e-01
4.891770308583583415e-01
4.071965514453445567e-01
3.185034545499093595e-01
2.231193984779165917e-01
1.311245740099789836e-01
6.590270389129901929e-01
1.058659145570785443e+00
1.397280484626802766e+00
1.626938009297933529e+00
1.762304448665201528e+00
1.821512371418157139e+00
1.823121877878910668e+00
1.782756865480060959e+00
1.713050898639755237e+00
1.623844738637497898e+00
1.522197125522008809e+00
1.414246083028899426e+00
1.304194704727796417e+00
1.194321857965239486e+00
1.087014185029134383e+00
9.849048859647018261e-01
8.897565670525976467e-01
8.017012114505032150e-01
7.198734373130754038e-01
6.439146810240582441e-01
5.727251692383917847e-01
5.050840963960777641e-01
4.390812479958548509e-01
3.727994807896927720e-01
3.048538633234503803e-01
2.339380016224673897e-01
1.603719315536942525e-01
9.278491697136241612e-02
6.273683230309704539e-01
9.755614140639039533e-01
1.261454924965729862e+00
1.457274163321415683e+00
1.574906469432573619e+00
1.629285098298176138e+00
1.636214723702182239e+00
1.609086216921119750e+00
1.558511867512827553e+00
1.492547425337239941e+00
1.417035050542233332e+00
1.336240450314810868e+00
1.253205512743444050e+00
1.170063598190797416e+00
1.088401111438977553e+00
1.009397468597003078e+00
9.339080321909758453e-01
8.622091260904384269e-01
7.939610133731604957e-01
7.283813334659516858e-01
6.644379449793239578e-01
6.005658151849572191e-01
5.349318691622833022e-01
4.653864929852798982e-01
3.898622329672838394e-01
3.068953698315087797e-01
2.163548122403047558e-01
1.275680138054456070e-01
5.728551079328038087e-01
7.449929480218667743e-01
8.562169745739912630e-01
9.735849376546554801e-01
1.040911697314174766e+00
1.068658397174644836e+00
1.066975021884112751e+00
1.045181939516799385e+00
1.010894143240469001e+00
9.689993186562411154e-01
9.227620216320345792e-01
8.744147570110971657e-01
8.254412957653112226e-01
7.770539201042530042e-01
7.297522650647969567e-01
6.838713236390920880e-01
6.398803475756494885e-01
5.980074926734999519e-01
5.579930298730539917e-01
5.191648315463848196e-01
4.804449906905889911e-01
4.406093435559673699e-01
3.983172386822954048e-01
3.519366102096033178e-01
2.995871285384387739e-01
2.396563964455503126e-01
1.713270731915979839e-01
1.028537997214547944e-01
6.542401173207500475e-01
1.004807391507648751e+00
1.280568606035048518e+00
1.463222558233549186e+00
1.571853309417679201e+00
1.624833071566821996e+00
1.638551164569467034e+00
1.625757497587448697e+00
1.595385089785867017e+00
1.553424139990346564e+00
1.503609067489289020e+00
1.448262039580771710e+00
1.388920486246386865e+00
1.326745859890695156e+00
1.262621009175666220e+00
1.197465346355462978e+00
1.131766943173805995e+00
1.065948716896214066e+00
9.999002900574108788e-01
9.330856896418033841e-01
8.645302934119630800e-01
7.926761081313884461e-01
7.153298934041443236e-01
6.295993618032111883e-01
5.319368511311186598e-01
4.178672364553103757e-01
2.863373589874457781e-01
1.627420232021634938e-01
6.157805759770906828e-01
9.650718849948024536e-01
1.238186194812287200e+00
1.416434358617104428e+00
1.522803441653765022e+00
1.577633673900700417e+00
1.597528190127176284e+00
1.593928681769179345e+00
1.574628862462210677e+00
1.544484050253537744e+00
1.506318912439844393e+00
1.461748212159556193e+00
1.411839561935195109e+00
1.357483732661161291e+00
1.299552315689981752e+00
1.238848389197523492e+00
1.176068234428642167e+00
1.111706287418475769e+00
1.045884935803310656e+00
9.782456176582994267e-01
9.079978666816399535e-01
8.337639328856691900e-01
7.534096874375716402e-01
6.636602574413542621e-01
5.597968670220000442e-01
4.338181700931641460e-01
2.289317103995372471e-01
1.029826435125986983e-01
5.189909553159854916e-01
8.154829453295976416e-01
1.053035133712046045e+00
1.209165131084001699e+00
1.303476770071057445e+00
1.353533238974466535e+00
1.373404612128438007e+00
1.373185459526170771e+00
1.359516275638690264e+00
1.336468042570525983e+00
1.306387521309140265e+00
1.270541339204614761e+00
1.229751447162266142e+00
1.184721809129405168e+00
1.136179813309668551e+00
1.084785190015540080e+00
1.031181338189128160e+00
9.757963168319025993e-01
9.187877470134048208e-01
8.599124907222565062e-01
7.985306518657911967e-01
7.334772854856038693e-01
6.628745493310884696e-01
5.840311151196321271e-01
4.933978909935128332e-01
3.861680864040882843e-01
2.610770288645475889e-01
1.447881736589831936e-01
6.484006209815189603e-01
1.036348731554915137e+00
1.371990873967520175e+00
1.604924589099215204e+00
1.747123131120236872e+00
1.816087488421975094e+00
1.829741777071183684e+00
1.802956232769419520e+00
1.747919271779626360e+00
1.673757379972204973e+00
1.587340319157705570e+00
1.493830893882372557e+00
1.397015325279291176e+00
1.299589008452283423e+00
1.203830359170923181e+00
1.111291450360561539e+00
1.023045409073410017e+00
9.394362922470377297e-01
8.601803879368890016e-01
7.844789639928273495e-01
7.113370226499938775e-01
6.391017876684245147e-01
5.657855439721019009e-01
4.891771932088397890e-01
4.071967097075703812e-01
3.185035694452509891e-01
2.231194647987850554e-01
1.311245997708053723e-01
6.620687246316430130e-01
1.051230134674183470e+00
1.369232245535580539e+00
1.584421806986722414e+00
1.713407375700281898e+00
1.774428696551512585e+00
1.784672985863106520e+00
1.757980457663497642e+00
1.705318788337788716e+00
1.634977794427706854e+00
1.553225787810446290e+00
1.464751709504128030e+00
1.373025123824083149e+00
1.280606134921239869e+00
1.189507497502049205e+00
1.101251337738926583e+00
1.016869259534261882e+00
9.367395432532031885e-01
8.606746911139452338e-01
7.879343200767847666e-01
7.174872898764785845e-01
6.477710249287897959e-01
5.768692773073995639e-01
5.022678461580846188e-01
4.214526290183964741e-01
3.319331263204002291e-01
2.334688518737200735e-01
1.351646373629589448e-01
6.702346874852918024e-01
1.063341198870762616e+00
1.394365923913858163e+00
1.618769222580551004e+00
1.752502144793763206e+00
1.815045340587662981e+00
1.824350153842188682e+00
1.795507810814758187e+00
1.740125541000783427e+00
1.666866818627910085e+00
1.582322406109054835e+00
1.491324858296930733e+00
1.397397897840398473e+00
1.303064192412579869e+00
1.210263231782751747e+00
1.120442657698856204e+00
1.034668850028997555e+00
9.531812757852079487e-01
8.757334139870605050e-01
8.016025762450017522e-01
7.296131898855575670e-01
6.581793871528104356e-01
5.850660586332996349e-01
5.077346163356076802e-01
4.233239697439267202e-01
3.285210226684448509e-01
2.228160159085517678e-01
1.262947376849110070e-01
6.253191773001723908e-01
9.777456699805937568e-01
1.255772926654432853e+00
1.439518100425171587e+00
1.547638324427109469e+00
1.596591530162431161e+00
1.601991101441131660e+00
1.576342647343049519e+00
1.529351044141337601e+00
1.468198045257319340e+00
1.398193753108586623e+00
1.323138427730918609e+00
1.245755431577147965e+00
1.168011803593228093e+00
1.091362568683293066e+00
1.016847057782881425e+00
9.451700117239131282e-01
8.765886489383869495e-01
8.108487446593700687e-01
7.473172860671590811e-01
6.849401343519699870e-01
6.222867370374287610e-01
5.574725561563702581e-01
4.880537452608761373e-01
4.116242704645173278e-01
3.256076199134000371e-01
2.297881773464820754e-01
1.331340049931601099e-01
6.108512115312356716e-01
9.359938353406744849e-01
1.195174783719324063e+00
1.371154062687267583e+00
1.476021944726325641e+00
1.523977766842558479e+00
1.530112739420109280e+00
1.507027881829701377e+00
1.464494140833769276e+00
1.409522228973089542e+00
1.346896859087774345e+00
1.279859350415045283e+00
1.210681243886847280e+00
1.140965954488611045e+00
1.071815912828428363e+00
1.003946327516741288e+00
9.378289907913517354e-01
8.737778607278849918e-01
8.116100620810760002e-01
7.506315487564645395e-01
6.898236399175644573e-01
6.277284682744462829e-01
5.624510875278294630e-01
4.920110948820591856e-01
4.142277671453621357e-01
3.275363397233858609e-01
2.317584709620185979e-01
1.369196738155855908e-01
6.297344923883446688e-01
9.828539280099999331e-01
1.258376860246709583e+00
1.438294072339620477e+00
1.544041288338422024e+00
1.594740153989181231e+00
1.606801554042381230e+00
1.592919214777254178e+00
1.561944376034455573e+00
1.519597514665710580e+00
1.469409199203105754e+00
1.413505978876126168e+00
1.353322438490365709e+00
1.290071534333540937e+00
1.224841363550583040e+00
1.158518325898427070e+00
1.091744269012930202e+00
1.024964669551041707e+00
9.582096447351584612e-01
8.910749401447916052e-01
8.227141680212726182e-01
7.517847003000674988e-01
6.763344773682378186e-01
5.939260439603852859e-01
5.018032313691941360e-01
3.970617254625313786e-01
2.797469629408232961e-01
1.613239215555956341e-01
6.349104920589609957e-01
1.006302901091981949e+00
1.312913715066846843e+00
1.515341975078019043e+00
1.635329898658342440e+00
1.695579534773208552e+00
1.715066404435382053e+00
1.707914088913562001e+00
1.683387791241555798e+00
1.647098378773887539e+00
1.602074309148520559e+00
1.549694064043322106e+00
1.490984434179898344e+00
1.427169197836298586e+00
1.359622600357589306e+00
1.289431196392394119e+00
1.217404546870964666e+00
1.144124946115932184e+00
1.069864429846616893e+00
9.943965176133362505e-01
9.168711821781510007e-01
8.359478501476267365e-01
7.496326055267906741e-01
6.552478998988074954e-01
5.494024942943571688e-01
4.281141554579176445e-01
2.908333696827167802e-01
1.637727906029693425e-01
5.509185425569351757e-01
8.688143418385060324e-01
1.120261977354472638e+00
1.283986862565079434e+00
1.381047111154837692e+00
1.431171845181422597e+00
1.449916177658460148e+00
1.448165979013645632e+00
1.432961767410517950e+00
1.408377858046233388e+00
1.376486595067783814e+00
1.338207477651278232e+00
1.294170708860528984e+00
1.245162808350850137e+00
1.192115946750949229e+00
1.135906611631890772e+00
1.077290098083157677e+00
1.016840460477492103e+00
9.548586399540852643e-01
8.911968399528820139e-01
8.252733214252039318e-01
7.559967376868919064e-01
6.816427147614217974e-01
5.997633715975415614e-01
5.072399161758329722e-01
4.009773437960701403e-01
2.808759222099154740e-01
1.603822829325398935e-01
6.590273394163935761e-01
1.058659719346943806e+00
1.397281074128277956e+00
1.626938558383799416e+00
1.762305049908557963e+00
1.821513134980932591e+00
1.823122740941809372e+00
1.782757691917423504e+00
1.713051637774928970e+00
1.623845700962859073e+00
1.522198078090530204e+00
1.414246711529288048e+00
1.304195480902108573e+00
1.194322564641530082e+00
1.087014930715328953e+00
9.849054088656040706e-01
8.897572657633027182e-01
8.017017252026475971e-01
7.198739551925911195e-01
6.439150631984155160e-01
5.727255567923217328e-01
5.050843986758968285e-01
4.390814846278037753e-01
3.727996530834326028e-01
3.048540641727311429e-01
2.339381336012186507e-01
1.603720220676633224e-01
9.278497395665523395e-02
6.702348716309742827e-01
1.063341577854179487e+00
1.394366639796854601e+00
1.618770131703779036e+00
1.752503192861817771e+00
1.815046698089311406e+00
1.824351491093789024e+00
1.795508875577677133e+00
1.740126695242326216e+00
1.666867938070157651e+00
1.582323749402683610e+00
1.491326110383855541e+00
1.397398815264190741e+00
1.303064903454676626e+00
1.210263980401431239e+00
1.120443487552012840e+00
1.034669571158457035e+00
9.531819713406357586e-01
8.757339553786805952e-01
8.016031211337301121e-01
7.296135954763924847e-01
6.581796712584763176e-01
5.850663547076164761e-01
5.077348062875126633e-01
4.233241348330472609e-01
3.285211307246841961e-01
2.228160766934610404e-01
1.262947643740326975e-01
6.516821672765978901e-01
1.025044584786656277e+00
1.321932381317969307e+00
1.518145138802479588e+00
1.632908740250027302e+00
1.686034142473871622e+00
1.693527604006905607e+00
1.668424837811869565e+00
1.620794245847979154e+00
1.557981030161888603e+00
1.485441382938103905e+00
1.407178672331725888e+00
1.326128855922092509e+00
1.244440679437720298e+00
1.163699299788498731e+00
1.084946391603026639e+00
1.008954881034610951e+00
9.361068862398367330e-01
8.662557134174326823e-01
7.987874365964020562e-01
7.325904312776552185e-01
6.660439183459696544e-01
5.970099547335697698e-01
5.227781174140553322e-01
4.392332401369704598e-01
3.400695820506648426e-01
1.806652001106187344e-01
8.191132758112780465e-02
6.484322808666299620e-01
1.014504470686144133e+00
1.314641577131936634e+00
1.515669390610192790e+00
1.633720297303144164e+00
1.687002389477415099e+00
1.692377638968615150e+00
1.664042209232367897e+00
1.612697863936905840e+00
1.546372383322036637e+00
1.470820938743890194e+00
1.390128543551285567e+00
1.307301689349242624e+00
1.224409409065290388e+00
1.142890347757323788e+00
1.063746263359327537e+00
9.876090383787144988e-01
9.146528343443300901e-01
8.447348580184034228e-01
7.771732819618317745e-01
7.108241815974375433e-01
6.441532845554123199e-01
5.750748389360477164e-01
5.011469290000908350e-01
4.195205224718452364e-01
3.268576952041149508e-01
2.225045031004919960e-01
1.264389968357446381e-01
6.210189504246861336e-01
8.952945593971700644e-01
1.099761661626406761e+00
1.255250131778529399e+00
1.339829492941600142e+00
1.369435815057363115e+00
1.359018737762058171e+00
1.321322362386186278e+00
1.266251997654344263e+00
1.200929929396828966e+00
1.130096624556861551e+00
1.056841176217948375e+00
9.837441420582254681e-01
9.123325826683587048e-01
8.434881544164092304e-01
7.775827084982195325e-01
7.148084458762269389e-01
6.555583488583534013e-01
5.999083967512420790e-01
5.471794214450700355e-01
4.963093951332446796e-01
4.460758204509440161e-01
3.950859588491352770e-01
3.420504518867036881e-01
2.853840906231854824e-01
2.240025293668490292e-01
1.573266702577495735e-01
9.354198973135960382e-02
6.538558852762647033e-01
1.029680738172871868e+00
1.340048996333231823e+00
1.548206510898678001e+00
1.671312549709818684e+00
1.729180489877274240e+00
1.740538040789091578e+00
1.720427059271776971e+00
1.679649579694503903e+00
1.625399418945466579e+00
1.562070905641760321e+00
1.492179704660715922e+00
1.417515807974078834e+00
1.339856021437037192e+00
1.260754275458683349e+00
1.181388323176819855e+00
1.102494633913347233e+00
1.024684054637271968e+00
9.481416406349281178e-01
8.724600089430515348e-01
7.968266284318215043e-01
7.200051345954613380e-01
6.403732593653113092e-01
5.560047392000740940e-01
4.648706810789577371e-01
3.654671091673039607e-01
2.572972663117163439e-01
1.509942058426441969e-01
6.872833197773240421e-01
1.112488564862585738e+00
1.453589964912237020e+00
1.664123895119892449e+00
1.781972112016237952e+00
1.834837114464847430e+00
1.846584689661121326e+00
1.835246469902538813e+00
1.809029865695269024e+00
1.772844153431819558e+00
1.728133666748454145e+00
1.672730844462968935e+00
1.605431359562135674e+00
1.529371726598125480e+00
1.447901978271381340e+00
1.362662657621526385e+00
1.274757966583787816e+00
1.185491648818004506e+00
1.096088099080702705e+00
1.006684625558797563e+00
9.163488456739157240e-01
8.243470227682574425e-01
7.296362358925444491e-01
6.302922510050851246e-01
5.238311056222756390e-01
4.087753614367731769e-01
2.848518535935714580e-01
1.632292492144064300e-01
4.391909622810818425e-01
7.046869990964564900e-01
9.182383303384270556e-01
1.057074863078461435e+00
1.138011097898704360e+00
1.178300502655911242e+00
1.191889146758072560e+00
1.188742629135947526e+00
1.174894056416482924e+00
1.153704030571259809e+00
1.126473747131573555e+00
1.093414977849739733e+00
1.054724772820315071e+00
1.011261342953909015e+00
9.641553261762243476e-01
9.143408832389718910e-01
8.625628967341509856e-01
8.094464579015416827e-01
7.554002034420155276e-01
7.004443005424656477e-01
6.441799753422159380e-01
5.858795203060946921e-01
5.244566609134222457e-01
4.583503793909244339e-01
3.857506130206909134e-01
3.051047488076134573e-01
2.155806482617211306e-01
1.241183567648969921e-01
6.273688959202264881e-01
9.755620863335896509e-01
1.261455638575782023e+00
1.457275440240813902e+00
1.574907673027074129e+00
1.629286330464594146e+00
1.636215803600722385e+00
1.609087434197459698e+00
1.558513240558003998e+00
1.492548398112736541e+00
1.417036189880499508e+00
1.336241381641901649e+00
1.253206497558301935e+00
1.170064750022297151e+00
1.088402142861186750e+00
1.009398294196063750e+00
9.339086353986689737e-01
8.622098939208241442e-01
7.939616405448964853e-01
7.283817977118630660e-01
6.644383583674501326e-01
6.005662176984027933e-01
5.349321575597931755e-01
4.653867837564051313e-01
3.898625009405344288e-01
3.068955871373308941e-01
2.163549758327181771e-01
1.275680813487825305e-01
6.253195413878067654e-01
9.777460605250042347e-01
1.255773998954422987e+00
1.439519003685318932e+00
1.547639611624918476e+00
1.596592923984607060e+00
1.601992696116137038e+00
1.576344350461052146e+00
1.529352184250371449e+00
1.468199562124108404e+00
1.398195001822443384e+00
1.323139550970507283e+00
1.245756705058515434e+00
1.168013068641806429e+00
1.091363682149699699e+00
1.016848087132680822e+00
9.451709367432511444e-01
8.765893885596899304e-01
8.108494258397954679e-01
7.473178846221659732e-01
6.849405803079441357e-01
6.222871834099872324e-01
5.574729155372044609e-01
4.880540831858860562e-01
4.116244581425584359e-01
3.256078138977996916e-01
2.297883007508115250e-01
1.331340610254976853e-01
6.484325354483386761e-01
1.014505051595506524e+00
1.314642322238413152e+00
1.515670665442482301e+00
1.633721472962730070e+00
1.687004119985661132e+00
1.692379493384093214e+00
1.664043484765604708e+00
1.612699294101511471e+00
1.546373900417338021e+00
1.470822214441732889e+00
1.390129994178553208e+00
1.307303061467427252e+00
1.224410960195790210e+00
1.142891434942391538e+00
1.063747128410984288e+00
9.876098887488135025e-01
9.146536537311024118e-01
8.447355023790250605e-01
7.771737779428815607e-01
7.108246447228940834e-01
6.441536950079472801e-01
5.750752048006663175e-01
5.011471371090194804e-01
4.195206979855668483e-01
3.268578037486373766e-01
2.225045586205977310e-01
1.264390118986761791e-01
6.530233886033354196e-01
1.027414125186830951e+00
1.325527299805961290e+00
1.523280589765507065e+00
1.638727390427707986e+00
1.690194711142956052e+00
1.694081990922138736e+00
1.664158634877757281e+00
1.611102226690794170e+00
1.542877115973626090e+00
1.465266065999077272e+00
1.382437546529542205e+00
1.297374895229793879e+00
1.212203633422243465e+00
1.128455143931528903e+00
1.047249453832135524e+00
9.692554461864242299e-01
8.947361388585871600e-01
8.235778377651549187e-01
7.551756716117543622e-01
6.885648027877985244e-01
6.223275168522790501e-01
5.546401604792680073e-01
4.833493583448781328e-01
4.059958626043668750e-01
3.200664355746410950e-01
2.252973607867532202e-01
1.302586432336107491e-01
6.701928007442916613e-01
1.057046567373976398e+00
1.380580911816698064e+00
1.601651790692659061e+00
1.733601411366829437e+00
1.793841729222165560e+00
1.800010021562575835e+00
1.767550401254051051e+00
1.708706539896234222e+00
1.632680310380250521e+00
1.546066494182774420e+00
1.453626011889051162e+00
1.358724777850319754e+00
1.263694409998941559e+00
1.170267003689284824e+00
1.079807437523442326e+00
9.931569319487634218e-01
9.106591119048629279e-01
8.321437318249952364e-01
7.570575211282155603e-01
6.844539390089631192e-01
6.130232321533836126e-01
5.411033720595465057e-01
4.668619447815239853e-01
3.884382699684993390e-01
3.043846898404205525e-01
2.140716732212010753e-01
1.261417974375270701e-01
6.394475270853674509e-01
1.018630820985907626e+00
1.326108708303622929e+00
1.532553071189913130e+00
1.654964991927677431e+00
1.712345706592024230e+00
1.722044888278517760e+00
1.698518086193006260e+00
1.652617561225252274e+00
1.591872862654028609e+00
1.521372171638230908e+00
1.444511554284160670e+00
1.363705853947940749e+00
1.280878379148844948e+00
1.197611244188108159e+00
1.115183307591464335e+00
1.034465513326329411e+00
9.559559698095896341e-01
8.797737738745270430e-01
8.055668947018881365e-01
7.326617162092561308e-01
6.599467931657162501e-01
5.859416168040769701e-01
5.088430969860134878e-01
4.266295649088774344e-01
3.375234188507701960e-01
2.400319525084529948e-01
1.399518805476695216e-01
5.148776080242780662e-01
8.240147666340680299e-01
1.085681046472239286e+00
1.262313212365684389e+00
1.368405697375147945e+00
1.420878510654070004e+00
1.435124593923592373e+00
1.423425886609071878e+00
1.394363766729659115e+00
1.353574063962477814e+00
1.304473384575091099e+00
1.248886448951755268e+00
1.188242247773436233e+00
1.124083504821167478e+00
1.057912764347608725e+00
9.908826755492082805e-01
9.238237561902753470e-01
8.573306144668758622e-01
7.916604847527738409e-01
7.266723715236091952e-01
6.618699896556259343e-01
5.964344836677368811e-01
5.292216160232398048e-01
4.587815911447943873e-01
3.834983888650231876e-01
3.019264704967863922e-01
2.129583690340365043e-01
1.247642756339485959e-01
5.728557017086691738e-01
7.449937715118589709e-01
8.562179119951256467e-01
9.735860796781080628e-01
1.040912752533551977e+00
1.068659764804803736e+00
1.066976253454644974e+00
1.045183281413574417e+00
1.010895488162037559e+00
9.690007967735844163e-01
9.227632899509466968e-01
8.744160932781831486e-01
8.254425493644471645e-01
7.770549529259264121e-01
7.297534426846159494e-01
6.838722590836436854e-01
6.398811875250929315e-01
5.980083088724416074e-01
5.579936659655079234e-01
5.191653934792305192e-01
4.804455275013917448e-01
4.406098737803862408e-01
3.983176527123905020e-01
3.519369394377923621e-01
2.995873869142118839e-01
2.396566024912792359e-01
1.713272126467954848e-01
1.028538775173213071e-01
6.108517302238045676e-01
9.359947041988336824e-01
1.195175631471328659e+00
1.371155265000391754e+00
1.476023347912163164e+00
1.523979502911916306e+00
1.530114432253731671e+00
1.507029310512028264e+00
1.464495704293391931e+00
1.409523819921186139e+00
1.346898349275798656e+00
1.279860754909048826e+00
1.210682716095141220e+00
1.140967405283122238e+00
1.071817299318364780e+00
1.003947532574985813e+00
9.378301155273064404e-01
8.737786716329828396e-01
8.116108545389613127e-01
7.506321993461323450e-01
6.898242263129341634e-01
6.277290209602629512e-01
5.624514549838238731e-01
4.920114269619639824e-01
4.142279971633314184e-01
3.275365573277805864e-01
2.317586084846043892e-01
1.369197467135309099e-01
6.210192146653306100e-01
8.952951683024075180e-01
1.099762625195741306e+00
1.255251333179309814e+00
1.339831004963429217e+00
1.369437491058119516e+00
1.359020744604129582e+00
1.321324457597821578e+00
1.266253722742435972e+00
1.200932094196705879e+00
1.130098698501209364e+00
1.056842635247714490e+00
9.837457543454964926e-01
9.123339358170030611e-01
8.434895365892016716e-01
7.775838385128660546e-01
7.148094833614618837e-01
6.555591932431363844e-01
5.999092074781597894e-01
5.471801783703653665e-01
4.963100244348666590e-01
4.460762998878364805e-01
3.950862758380042639e-01
3.420507447048601324e-01
2.853843269970168794e-01
2.240026440797507346e-01
1.573267537975645003e-01
9.354202614726843390e-02
6.701929488539877244e-01
1.057046810140431559e+00
1.380581268019585028e+00
1.601652243248100405e+00
1.733602314649508536e+00
1.793842436357683257e+00
1.800010839197601742e+00
1.767551206078388448e+00
1.708707252521810549e+00
1.632681162280930298e+00
1.546067221824851234e+00
1.453626735189758046e+00
1.358725340762252598e+00
1.263695078396655402e+00
1.170267614443755599e+00
1.079807864167381837e+00
9.931573205466969201e-01
9.106594769923915811e-01
8.321441264260399651e-01
7.570578540538426271e-01
6.844541738722218494e-01
6.130235231551293129e-01
5.411035954991159080e-01
4.668621000418175515e-01
3.884383839512363101e-01
3.043847431417815441e-01
2.140716986595708748e-01
1.261418403254093989e-01
6.751477789031310461e-01
1.090988443044165201e+00
1.442990903382903145e+00
1.681593695330246607e+00
1.821085933570105064e+00
1.880493861457507299e+00
1.879411692761485453e+00
1.834319748811986006e+00
1.758609762551387012e+00
1.662911945352551824e+00
1.554665612634852589e+00
1.440416717781652256e+00
1.324384730478197048e+00
1.208791699927024288e+00
1.096049986853567804e+00
9.888579608192376025e-01
8.889017312853415564e-01
7.962446793868649397e-01
7.100880497491518506e-01
6.303318693688322316e-01
5.559576787391047326e-01
4.861365561276025371e-01
4.192187246799616296e-01
3.536303875259922957e-01
2.880152087210557377e-01
2.210661789899136531e-01
1.523339527986923014e-01
8.863252435142610075e-02
6.574512849755853594e-01
1.048746190084461460e+00
1.382325182356592519e+00
1.610677973954669495e+00
1.748316551825787490e+00
1.813650808905546530e+00
1.824515980822058792e+00
1.796143961114566423e+00
1.740626173851385516e+00
1.667005902973987208e+00
1.581836738936345910e+00
1.489900940605702440e+00
1.394577862311048522e+00
1.298253876665350637e+00
1.202822512881238426e+00
1.109864769967898956e+00
1.020406917543053682e+00
9.348518350839211122e-01
8.531348297638885469e-01
7.748610512018867524e-01
6.992757389216931463e-01
6.252451988037214248e-01
5.512839555307008643e-01
4.756395059305334461e-01
3.964495894766394968e-01
3.118905129725290659e-01
2.203775310027651646e-01
1.299953082405890525e-01
4.035712246153799754e-01
6.504408470529414732e-01
8.550103487637362720e-01
9.946599598230165817e-01
1.079765805416923241e+00
1.122189241815237493e+00
1.132929801142132709e+00
1.121085788499418090e+00
1.093607511322954418e+00
1.055567294830003000e+00
1.010491670328173441e+00
9.607983314806104458e-01
9.082243022127391985e-01
8.540976658095191798e-01
7.994884291577876168e-01
7.452497157034380093e-01
6.919824808974405217e-01
6.400322189362963599e-01
5.894822535295614063e-01
5.401359395253105822e-01
4.915681680705300538e-01
4.431063619879476723e-01
3.937757386113377445e-01
3.424140639078256387e-01
2.876662090301861374e-01
2.280777988633345410e-01
1.622498102665277941e-01
9.446764818377217932e-02
6.542408607369341045e-01
1.004808362486032669e+00
1.280569932670797551e+00
1.463224036455674781e+00
1.571855219076908616e+00
1.624835455084854496e+00
1.638553196224763697e+00
1.625759293195488953e+00
1.595386914166090353e+00
1.553425774017119787e+00
1.503610817576724212e+00
1.448263587114235751e+00
1.388922140297548680e+00
1.326747560308414453e+00
1.262622427444238582e+00
1.197466827705318426e+00
1.131768095369288574e+00
1.065949663300508332e+00
9.999012002037777069e-01
9.330866784314272300e-01
8.645310259447939183e-01
7.926767782025669895e-01
7.153304418269728071e-01
6.295997879998349589e-01
5.319372596951253973e-01
4.178675244567948699e-01
2.863375551156934207e-01
1.627421813075999035e-01
6.297350012347449066e-01
9.828544495393377600e-01
1.258377714638122313e+00
1.438295012481804580e+00
1.544042332803807316e+00
1.594741265935672558e+00
1.606802303666929888e+00
1.592920189816557475e+00
1.561945466265483251e+00
1.519598852792892751e+00
1.469410194297898542e+00
1.413506791561960130e+00
1.353323626288508441e+00
1.290072480526126553e+00
1.224842249734953814e+00
1.158519244564311990e+00
1.091744992724499541e+00
1.024965321311702038e+00
9.582101977566382933e-01
8.910752731732789478e-01
8.227146043265508579e-01
7.517850075239490559e-01
6.763348249658107658e-01
5.939263294094798695e-01
5.018034355721661122e-01
3.970619143159852538e-01
2.797471057140651363e-01
1.613240110347153311e-01
6.538562195157697765e-01
1.029681269524973963e+00
1.340049672407535031e+00
1.548207262642775417e+00
1.671313773254724300e+00
1.729181540167046505e+00
1.740539416522659533e+00
1.720428244871018419e+00
1.679650955940876100e+00
1.625400530018083378e+00
1.562071978785564363e+00
1.492181047146901918e+00
1.417516731695806165e+00
1.339856793146824820e+00
1.260755133591873411e+00
1.181389372089197254e+00
1.102495253657368446e+00
1.024684618396786595e+00
9.481421212033226409e-01
8.724606333327746821e-01
7.968270329870777990e-01
7.200055272174826770e-01
6.403735567095093506e-01
5.560050286187749879e-01
4.648708388078042208e-01
3.654672312228057218e-01
2.572973830142152862e-01
1.509942790153626924e-01
6.394477912664698893e-01
1.018631113342781003e+00
1.326108915077085948e+00
1.532553484252943798e+00
1.654965602520480417e+00
1.712346404813832823e+00
1.722045549616505911e+00
1.698518823238775788e+00
1.652618008762735125e+00
1.591873392319818947e+00
1.521372562368286774e+00
1.444512203840575104e+00
1.363706385148582223e+00
1.280878805442531743e+00
1.197611706812155230e+00
1.115183827363743996e+00
1.034465785756595535e+00
9.559562982655493979e-01
8.797740944329415225e-01
8.055671551204899306e-01
7.326619254066614184e-01
6.599469040277718968e-01
5.859417884102058327e-01
5.088432040132085943e-01
4.266296633902187385e-01
3.375235316156102172e-01
2.400320270821262036e-01
1.399519242952460829e-01
6.574513052384715062e-01
1.048746302542553188e+00
1.382325242849998359e+00
1.610678267603308678e+00
1.748316777220700668e+00
1.813651138177898137e+00
1.824516179991027220e+00
1.796144263001674402e+00
1.740626347642683314e+00
1.667006075052176683e+00
1.581836878125908896e+00
1.489901221180903956e+00
1.394577989128083617e+00
1.298254036412691104e+00
1.202822584474561474e+00
1.109864827559178702e+00
1.020407072738406251e+00
9.348518914007986069e-01
8.531349347761093549e-01
7.748611000363012646e-01
6.992758401526575351e-01
6.252452317990880859e-01
5.512839858398375092e-01
4.756395543363545197e-01
3.964496093822559297e-01
3.118905812050434823e-01
2.203775560300456626e-01
1.299953230605337129e-01
4.728164385125983582e-01
7.621669461368326681e-01
1.002600611322183699e+00
1.166828212009194399e+00
1.266210727739268904e+00
1.314076428511770311e+00
1.323060996664697342e+00
1.303825920479845024e+00
1.264897990707668285e+00
1.212746349748318631e+00
1.152096558721403152e+00
1.086390304517689920e+00
1.018098713543405198e+00
9.489770224116940156e-01
8.804278607065292306e-01
8.135358235048247844e-01
7.490339849690692553e-01
6.872527445261327195e-01
6.281899126922625420e-01
5.715667073579748791e-01
5.168434852974802540e-01
4.632080379485097876e-01
4.095859087518092800e-01
3.546484608796875437e-01
2.969296428331183457e-01
2.348411993176619805e-01
1.668556979691081799e-01
9.730105923865280115e-02
6.157812322620854761e-01
9.650727803307168617e-01
1.238187285235541113e+00
1.416435696365157426e+00
1.522805141028535925e+00
1.577635338927351416e+00
1.597530116716643134e+00
1.593930305124961588e+00
1.574630748378430090e+00
1.544485608426489076e+00
1.506320490430729464e+00
1.461749609491338031e+00
1.411840768257862866e+00
1.357485285686525378e+00
1.299553581782766365e+00
1.238849606632473455e+00
1.176069216625839298e+00
1.111707292678158598e+00
1.045885863104114799e+00
9.782463626977251359e-01
9.079983724850029247e-01
8.337644995675860260e-01
7.534102006311043098e-01
6.636607364305258105e-01
5.597972236858174133e-01
4.338184169170577476e-01
2.289318142719947158e-01
1.029827165269718708e-01
6.349109004997112171e-01
1.006303578353630934e+00
1.312914469162845599e+00
1.515342523214556980e+00
1.635330631647086364e+00
1.695580817531284756e+00
1.715067547769765666e+00
1.707915131062347269e+00
1.683388699172978287e+00
1.647099511685573336e+00
1.602075260214849584e+00
1.549695133237034783e+00
1.490985325484908142e+00
1.427169847176204209e+00
1.359623333099734266e+00
1.289431974080864629e+00
1.217405186802599681e+00
1.144125505677969334e+00
1.069864885848216485e+00
9.943969661067608712e-01
9.168717035271766180e-01
8.359480975971887995e-01
7.496329504757429651e-01
6.552481503346168079e-01
5.494027519088435785e-01
4.281143682638222647e-01
2.908335161509927325e-01
1.637728813027236052e-01
6.872836682665095509e-01
1.112489040964825371e+00
1.453590537634327884e+00
1.664124571621734328e+00
1.781972845612169065e+00
1.834837933905891338e+00
1.846585482965030112e+00
1.835247383443471714e+00
1.809030740361559308e+00
1.772844695758512668e+00
1.728134325467425514e+00
1.672731393067765415e+00
1.605431841781172153e+00
1.529372226405337987e+00
1.447902547315574218e+00
1.362663158181036893e+00
1.274758366805728738e+00
1.185492144890206490e+00
1.096088458280092048e+00
1.006684933526599712e+00
9.163492561525030666e-01
8.243472010244392578e-01
7.296364476417884770e-01
6.302924688867437286e-01
5.238312518861212297e-01
4.087754968742912665e-01
2.848519696105940580e-01
1.632293132999857732e-01
5.148778409760661479e-01
8.240150188139226950e-01
1.085681429367528983e+00
1.262313392526379641e+00
1.368406307593978299e+00
1.420879112189430193e+00
1.435125256444351516e+00
1.423426396988543230e+00
1.394364060055749865e+00
1.353574554472863900e+00
1.304473795142678583e+00
1.248886947197124675e+00
1.188242648768221610e+00
1.124083975348594500e+00
1.057913129729480373e+00
9.908830993687269828e-01
9.238240943151068141e-01
8.573308836858224424e-01
7.916606926690191726e-01
7.266725730012701945e-01
6.618702067583021043e-01
5.964346684301137236e-01
5.292217979404250094e-01
4.587817170712438775e-01
3.834985289387985996e-01
3.019265930601955361e-01
2.129584593059282438e-01
1.247643105745123715e-01
4.035712667523175812e-01
6.504409490647963255e-01
8.550105564413161829e-01
9.946601318716343787e-01
1.079766037331402861e+00
1.122189509703307886e+00
1.132930110174001470e+00
1.121085826176215106e+00
1.093607679126171517e+00
1.055567429350470210e+00
1.010491954198071252e+00
9.607985337977367202e-01
9.082245318340799178e-01
8.540978718165449513e-01
7.994885894190589815e-01
7.452499081828550809e-01
6.919826271821406527e-01
6.400323443676900759e-01
5.894823591202669189e-01
5.401360415064530018e-01
4.915682791892376224e-01
4.431064247678703771e-01
3.937758428799899013e-01
3.424141252318596562e-01
2.876662421057747943e-01
2.280778453451869081e-01
1.622498401313561822e-01
9.446766477571617859e-02
5.189914582539453258e-01
8.154839080453210043e-01
1.053036618737015040e+00
1.209166528740550195e+00
1.303478551194870771e+00
1.353535197132982759e+00
1.373406387310256438e+00
1.373187688910406656e+00
1.359518503729147065e+00
1.336470103628409456e+00
1.306389511892749100e+00
1.270542895832224017e+00
1.229753058898580331e+00
1.184723408514505083e+00
1.136181183603872658e+00
1.084786578561650616e+00
1.031182406798303530e+00
9.757973110926378979e-01
9.187886730881994479e-01
8.599132351665275120e-01
7.985313785944839760e-01
7.334778157543127008e-01
6.628750547014168326e-01
5.840316324370216083e-01
4.933982679885716149e-01
3.861683345962034219e-01
2.610772270278627349e-01
1.447882468033518111e-01
5.509190210743230010e-01
8.688149397978277566e-01
1.120262803236076188e+00
1.283987648560179329e+00
1.381048154321163901e+00
1.431173004459039388e+00
1.449917402702378899e+00
1.448167141935728264e+00
1.432962937446164764e+00
1.408378973126224398e+00
1.376487503934062051e+00
1.338208679418917191e+00
1.294171656840202855e+00
1.245163700728999512e+00
1.192116664358124467e+00
1.135907369969941572e+00
1.077290851817164441e+00
1.016841133860040269e+00
9.548592177218443444e-01
8.911971845374799805e-01
8.252737340503901731e-01
7.559970303929391955e-01
6.816429992706412033e-01
5.997636031825605007e-01
5.072401755364168707e-01
4.009775239481879749e-01
2.808760520383507542e-01
1.603823621053115378e-01
4.391911877848103662e-01
7.046873097001036257e-01
9.182387027328016149e-01
1.057075304573839691e+00
1.138011341494038486e+00
1.178301097496279315e+00
1.191889594602535851e+00
1.188743275746962702e+00
1.174894389270085604e+00
1.153704513148835487e+00
1.126474197748913886e+00
1.093415365155354424e+00
1.054725338117030731e+00
1.011261628106368882e+00
9.641556993695702404e-01
9.143411879271963194e-01
8.625632043690000250e-01
8.094467087290692087e-01
7.554004028457541597e-01
7.004444066723065632e-01
6.441801630946409896e-01
5.858796345738559452e-01
5.244567847604524324e-01
4.583505061462385677e-01
3.857507273734741560e-01
3.051048321123893126e-01
2.155807570613391400e-01
1.241184033732508907e-01
